16.00 0.00 0.00 0.00 0.00 0.00 0.00 0.00 0.00 0.00
0.00 16.00 0.00 0.00 0.00 0.00 0.00 0.00 0.00 0.00
0.00 0.00 28.09 0.00 0.00 0.00 0.00 0.00 0.00 0.00
0.00 0.00 0.00 146.41 0.00 0.00 0.00 0.00 0.00 0.00
0.00 0.00 0.00 0.00 16.00 0.00 0.00 0.00 0.00 0.00
0.00 0.00 0.00 0.00 0.00 16.00 0.00 0.00 0.00 0.00
0.00 0.00 0.00 0.00 0.00 0.00 16.00 0.00 0.00 0.00
0.00 0.00 0.00 0.00 0.00 0.00 0.00 16.00 0.00 0.00
0.00 0.00 0.00 0.00 0.00 0.00 0.00 0.00 16.00 0.00
0.00 0.00 0.00 0.00 0.00 0.00 0.00 0.00 0.00 31.36
