44.89 0.00 0.00 0.00 0.00 0.00 0.00 0.00 0.00 0.00
0.00 53.29 0.00 0.00 0.00 0.00 0.00 0.00 0.00 0.00
0.00 0.00 44.89 0.00 0.00 0.00 0.00 0.00 0.00 0.00
0.00 0.00 0.00 79.21 0.00 0.00 0.00 0.00 0.00 0.00
0.00 0.00 0.00 0.00 44.89 0.00 0.00 0.00 0.00 0.00
0.00 0.00 0.00 0.00 0.00 44.89 0.00 0.00 0.00 0.00
0.00 0.00 0.00 0.00 0.00 0.00 44.89 0.00 0.00 0.00
0.00 0.00 0.00 0.00 0.00 0.00 0.00 44.89 0.00 0.00
0.00 0.00 0.00 0.00 0.00 0.00 0.00 0.00 44.89 0.00
0.00 0.00 0.00 0.00 0.00 0.00 0.00 0.00 0.00 44.89
