0.0 105920.97521743094 -24.73223165 -2.25815108 -2.17590706 -2.36397615 -0.16390131 -56.254937443607545 0.0
0.0 101343.18552718428 -24.79722323 -2.30606361 -0.11258662 -3.80616013 -0.30987977 -105920.97521743094 0.0
0.0 86943.18296590778 -24.64271265 -2.26226038 -0.10736327 -0.89469465 -0.82658415 -101343.18552718428 0.0
0.0 66546.01870501712 -24.68088645 -2.11934474 -1.66358697 -2.96285844 -1.14527711 -86943.18296590778 0.0
0.0 53450.24572922577 -24.69673401 -2.38412446 -0.10560916 -1.02970973 -1.21098849 -66546.01870501712 0.0
0.0 47082.12981395432 -24.88887339 -2.36624139 -2.64443924 -0.0875139 -2.76400741 -53450.24572922577 0.0
0.0 45501.89313058723 -24.64442489 -2.38036115 -2.47401672 -2.27938359 -0.47895854 -47082.12981395432 0.0
0.0 31059.569054171414 -24.74008443 -2.11429889 -0.81518763 -3.19747481 -3.40071745 -45501.89313058723 0.0
0.0 28270.01776680557 -24.89152588 -2.49649755 -2.94730512 -0.02491553 -0.82754685 -31059.569054171414 0.0
0.0 25877.4093712912 -24.72132259 -2.33760096 -2.22692401 -3.64939999 -1.19287615 -28270.01776680557 0.0
0.0 17761.464024191388 -24.94322365 -2.36381892 -0.56414748 -2.80356174 -1.44397869 -25877.4093712912 0.0
0.0 12956.957114589963 -24.74508016 -2.10978367 -2.43339819 -2.45292091 -2.3345488 -17761.464024191388 0.0
0.0 9400.056463038278 -24.79283286 -2.55327927 -1.6337346 -0.79476446 -0.99809845 -12956.957114589963 0.0
0.0 6831.031553641802 -24.4724088 -2.68878333 -2.38764999 -2.78737143 -0.91842302 -9400.056463038278 0.0
0.0 6410.566583196091 -24.31521121 -2.79902398 -2.75329841 -0.46297247 -0.60210703 -6831.031553641802 0.0
0.0 5422.351086484888 -24.23376861 -2.87335007 -1.40615637 -1.91490297 -0.36762608 -6410.566583196091 0.0
0.0 5113.953460972973 -24.68457021 -2.11091768 -2.02505466 -2.10925945 -2.76486566 -5422.351086484888 0.0
0.0 4827.855708030531 -24.64424547 -2.78745534 -2.98875944 -1.52869491 -0.53238193 -5113.953460972973 0.0
0.0 4623.343725753267 -23.86530393 -2.91601556 -0.49796704 -2.7614701 -0.03756048 -4827.855708030531 0.0
0.0 4214.2127315638445 -24.48250618 -2.78993996 -0.6875488 -0.55317763 -3.92336903 -4623.343725753267 0.0
0.0 3890.1277597490625 -24.33587135 -2.81921463 -0.37609406 -3.35223152 -1.64123011 -4214.2127315638445 0.0
0.0 3826.6421822621373 -24.54478913 -2.597453 -1.69258489 -1.18389676 -3.8200881 -3890.1277597490625 0.0
0.0 3201.0976974428027 -24.18290788 -2.50171203 -1.08169712 -3.14217701 -2.23211163 -3826.6421822621373 0.0
0.0 3049.2021093197236 -23.9510348 -2.964569 -2.69961425 -2.03425362 -0.3892507 -3201.0976974428027 0.0
0.0 2566.3975903041305 -24.21261301 -2.81845056 -1.64796571 -0.9312315 -1.76535049 -3049.2021093197236 0.0
0.0 2496.6239004849467 -24.65334583 -2.94764652 -0.16099517 -0.29472196 -3.89091887 -2566.3975903041305 0.0
0.0 2429.7216254609984 -24.29124432 -2.96443369 -0.47410499 -0.40995829 -1.89984513 -2496.6239004849467 0.0
0.0 2407.2746291449453 -23.90770744 -2.95511491 -2.95682302 -0.40362851 -0.71736024 -2429.7216254609984 0.0
0.0 2169.1887245462 -23.98946296 -2.84122594 -2.36791594 -0.93821678 -1.88068729 -2407.2746291449453 0.0
0.0 2121.3162884235803 -24.30595361 -2.8748677 -0.48415389 -2.93457358 -2.50215098 -2169.1887245462 0.0
0.0 1838.4878029661236 -24.20630563 -2.72548211 -2.81302467 -2.61563893 -1.85513295 -2121.3162884235803 0.0
0.0 1271.72053350504 -24.13159586 -2.60547369 -1.83470359 -1.78311665 -2.55147 -1838.4878029661236 0.0
0.0 1012.7913990391901 -24.68289503 -2.54278647 -2.59285615 -1.84951277 -2.08190329 -1271.72053350504 0.0
0.0 1000.0 -24.29926008 -5.27154897 -0.85316203 -0.05492939 -1.01928606 -1012.7913990391901 0.0
0.0 1000.0 -22.02069654 -2.81000815 -0.24736769 -1.74922528 -1.85122418 nan 0.0
0.0 1000.0 -22.69269522 -3.17551768 -1.80346867 -3.05565308 -3.68999658 nan 0.0
0.0 1000.0 -22.72490056 -3.58084157 -0.7515642 -3.28442315 -1.49430131 nan 0.0
0.0 1000.0 -24.54338438 -4.59623762 -0.89320288 -1.98308287 -1.88632547 nan 0.0
0.0 1000.0 -23.46928479 -2.32640881 -1.21996142 -0.88492014 -2.27368987 nan 0.0
0.0 1000.0 -23.39875082 -2.15774013 -1.87257464 -1.2588802 -3.47348355 nan 0.0
0.0 1000.0 -24.17735752 -2.43942563 -1.86867786 -0.11341402 -1.17989572 nan 0.0
0.0 1000.0 -23.25120539 -5.53218389 -2.76169683 -3.80196538 -0.64599529 nan 0.0
0.0 1000.0 -22.29192098 -4.17852613 -0.90645634 -0.80170647 -0.44057492 nan 0.0
0.0 1000.0 -24.17714052 -2.33595998 -0.68563406 -0.48035327 -1.62111906 nan 0.0
0.0 1000.0 -24.27921305 -5.394639 -1.38038037 -2.40921588 -3.62716299 nan 0.0
0.0 1000.0 -23.83422245 -5.4097982 -0.10950585 -3.77971325 -2.59297148 nan 0.0
0.0 1000.0 -22.98673089 -2.30371843 -2.38488274 -1.36619167 -3.47657964 nan 0.0
0.0 1000.0 -23.30513895 -5.68970698 -2.05975123 -3.01552649 -0.4489978 nan 0.0
0.0 1000.0 -24.77619733 -4.61295445 -1.2434459 -1.5684973 -3.13576189 nan 0.0
0.0 1000.0 -22.85691011 -3.1322879 -0.73580171 -1.95987354 -3.78959504 nan 0.0
0.0 1000.0 -23.26357163 -2.19063359 -0.0903615 -1.9164394 -0.78878229 nan 0.0
0.0 1000.0 -22.76642294 -2.37720539 -1.86446825 -3.32600993 -3.95454051 nan 0.0
0.0 1000.0 -23.34671407 -2.76581259 -0.25766983 -0.19902424 -3.19358468 nan 0.0
0.0 1000.0 -24.20228155 -5.24894337 -0.8516482 -2.54050709 -1.84147023 nan 0.0
0.0 1000.0 -22.6531124 -3.14951909 -1.25259495 -0.40364655 -1.87246082 nan 0.0
0.0 1000.0 -24.20123593 -2.0420001 -2.37874631 -1.03574178 -2.30966316 nan 0.0
0.0 1000.0 -22.18810813 -2.38113234 -1.02594666 -0.33411669 -1.73632886 nan 0.0
0.0 1000.0 -23.56184066 -3.05104372 -1.48559126 -2.30013764 -1.62872348 nan 0.0
0.0 1000.0 -24.50960644 -4.33925793 -1.27452992 -0.09455152 -3.92634181 nan 0.0
0.0 1000.0 -23.82355748 -2.11532182 -1.0048787 -0.73655234 -3.3436562 nan 0.0
0.0 1000.0 -22.08779992 -2.36309283 -0.1152164 -2.48611454 -3.94989138 nan 0.0
0.0 1000.0 -22.03582397 -2.04181039 -2.00475934 -1.95506801 -0.98034905 nan 0.0
0.0 1000.0 -23.52587249 -5.70200214 -2.59814393 -0.19348166 -2.4788099 nan 0.0
0.0 1000.0 -23.6603874 -2.35082097 -0.56726455 -0.02529689 -2.62979906 nan 0.0
0.0 1000.0 -22.3220175 -3.57212201 -0.1591051 -1.60244873 -1.93527035 nan 0.0
0.0 1000.0 -22.42568084 -3.87631707 -2.66645301 -0.42549798 -0.16443919 nan 0.0
0.0 1000.0 -22.17865395 -3.45886738 -0.798373 -0.19406367 -1.29853205 nan 0.0
0.0 1000.0 -24.38013977 -4.62845712 -0.51060356 -0.26707343 -3.36399581 nan 0.0
0.0 1000.0 -22.04631902 -3.05120517 -1.79072921 -1.03036112 -2.92180714 nan 0.0
0.0 1000.0 -22.57582426 -2.4569239 -0.72815087 -1.69784594 -2.68792853 nan 0.0
0.0 1000.0 -22.30193165 -3.91502842 -1.97544701 -0.31825019 -2.87695936 nan 0.0
0.0 1000.0 -23.87382597 -5.02133438 -2.1970193 -1.7010555 -3.50693212 nan 0.0
0.0 1000.0 -23.65063572 -5.89842905 -2.93056467 -3.15509696 -2.86777697 nan 0.0
0.0 1000.0 -23.14570183 -3.15003263 -2.02630998 -3.48530356 -1.61390268 nan 0.0
0.0 1000.0 -23.17235433 -5.68662927 -0.96438045 -0.20639231 -3.6931227 nan 0.0
0.0 1000.0 -23.29101352 -5.90574952 -2.58367898 -0.73132326 -3.18957897 nan 0.0
0.0 1000.0 -22.05223129 -4.27923164 -1.95114898 -2.32427094 -0.34367225 nan 0.0
0.0 1000.0 -23.92480908 -5.36646263 -1.81156128 -3.04991459 -2.45611068 nan 0.0
0.0 1000.0 -23.10533203 -2.48720761 -0.05824776 -1.79696244 -1.27402382 nan 0.0
0.0 1000.0 -23.60885669 -5.99034533 -2.8695924 -0.75061961 -2.07557656 nan 0.0
0.0 1000.0 -22.97912939 -2.48656077 -1.56285013 -2.31465376 -2.53707124 nan 0.0
0.0 1000.0 -22.53926823 -2.56471346 -2.47802915 -1.70875489 -1.14069138 nan 0.0
0.0 1000.0 -24.09025124 -2.35207784 -1.78708107 -0.45202828 -3.86279606 nan 0.0
0.0 1000.0 -24.28605994 -4.9054305 -2.42208254 -3.44378939 -0.80024498 nan 0.0
0.0 1000.0 -24.02862569 -5.00413499 -1.125512 -1.35750519 -3.72095155 nan 0.0
0.0 1000.0 -24.01616685 -5.57190371 -1.05924777 -3.05081149 -0.11084347 nan 0.0
0.0 1000.0 -24.19041074 -5.70456724 -0.98568294 -1.76483008 -2.79338043 nan 0.0
0.0 1000.0 -23.57118967 -5.2926647 -2.59112012 -1.21875312 -1.88747908 nan 0.0
0.0 1000.0 -24.95654204 -5.39232397 -2.86042266 -3.21283735 -0.17447255 nan 0.0
0.0 1000.0 -23.72491448 -5.16657391 -2.20744295 -2.91995446 -0.94770725 nan 0.0
0.0 1000.0 -22.25042915 -2.3142077 -1.08987599 -1.89115915 -3.65487497 nan 0.0
0.0 1000.0 -23.08129097 -5.9278461 -2.30349088 -1.58867683 -1.47123815 nan 0.0
0.0 1000.0 -22.50009281 -2.94232246 -2.17198307 -1.68382285 -0.5616033 nan 0.0
0.0 1000.0 -24.16017827 -5.15616148 -1.84011665 -2.50280187 -1.4289913 nan 0.0
0.0 1000.0 -23.78896079 -5.99025596 -1.40560792 -3.0041601 -2.54198816 nan 0.0
0.0 1000.0 -22.9567835 -2.29334537 -2.84129639 -1.17411888 -0.10714971 nan 0.0
0.0 1000.0 -22.7745417 -2.48999492 -2.59184221 -2.80508575 -0.3102355 nan 0.0
0.0 1000.0 -24.65590389 -5.79828023 -0.61207905 -1.35979469 -1.95982385 nan 0.0
0.0 1000.0 -23.55236754 -2.02063695 -1.97384323 -1.94615974 -2.45150711 nan 0.0
0.0 1000.0 -24.86007757 -4.35813874 -2.90001685 -2.75913652 -2.43213817 nan 0.0
0.0 1000.0 -24.76264201 -5.35149162 -2.76055372 -3.12773841 -3.98758058 nan 0.0
0.0 1000.0 -24.6993413 -5.94345692 -1.16670355 -0.8991984 -0.5666716 nan 0.0
0.0 1000.0 -24.53760847 -5.08921847 -2.24337547 -1.07115162 -3.75239323 nan 0.0
0.0 1000.0 -22.59121473 -3.2921175 -2.76370445 -0.8991047 -0.25134945 nan 0.0
0.0 1000.0 -23.01575711 -3.61887196 -2.82287649 -2.28544241 -0.66022789 nan 0.0
0.0 1000.0 -22.39721552 -2.87535436 -0.82964025 -0.19414826 -1.26941169 nan 0.0
0.0 1000.0 -24.92779061 -5.10353881 -0.27011963 -2.95302395 -0.08052121 nan 0.0
0.0 1000.0 -2.35823696e+01 -2.74090347e+00 -1.81503332e+00 -5.49911016e-03 -2.90696684e+00 nan 0.0
0.0 1000.0 -22.75408664 -5.95687045 -0.10718682 -0.19206337 -1.50657539 nan 0.0
0.0 1000.0 -23.34570378 -2.69003106 -0.24143506 -2.0673946 -0.45052484 nan 0.0
0.0 1000.0 -24.92766879 -4.68961072 -0.90107683 -2.08677429 -1.90653184 nan 0.0
0.0 1000.0 -24.03913404 -2.4721555 -1.45033378 -3.07207928 -1.91225261 nan 0.0
0.0 1000.0 -24.79962328 -4.15625207 -0.29560861 -3.2481033 -3.36910136 nan 0.0
0.0 1000.0 -22.82524148 -2.13944229 -2.09552133 -1.50910537 -2.80404225 nan 0.0
0.0 1000.0 -23.36014183 -5.70232403 -1.86792653 -1.86351984 -2.27308169 nan 0.0
0.0 1000.0 -24.23518203 -5.32358753 -1.44732062 -3.80119309 -3.58263357 nan 0.0
0.0 1000.0 -23.66817627 -2.92738902 -0.38171992 -3.61604363 -0.12328335 nan 0.0
0.0 1000.0 -22.66204174 -2.05571331 -2.93773384 -1.60619927 -3.77050248 nan 0.0
0.0 1000.0 -22.98325824 -3.1770806 -0.72859237 -2.57922177 -1.43098819 nan 0.0
0.0 1000.0 -2.34333286e+01 -5.92972672e+00 -1.87636386e-02 -1.91529661e+00 -1.57446370e+00 nan 0.0
0.0 1000.0 -23.88396302 -2.23073452 -2.43564032 -0.93035468 -2.09139068 nan 0.0
0.0 1000.0 -22.44252678 -3.37848479 -1.22173698 -3.00382459 -1.25057061 nan 0.0
0.0 1000.0 -23.86404285 -5.12080832 -0.21994844 -0.29529634 -3.34245628 nan 0.0
0.0 1000.0 -22.74636122 -3.09162173 -2.70777985 -0.38900403 -1.48697033 nan 0.0
0.0 1000.0 -22.32146383 -3.364706 -0.06321715 -1.93509596 -2.95757936 nan 0.0
0.0 1000.0 -24.76932199 -4.84075576 -2.20384748 -1.12710988 -1.18879271 nan 0.0
0.0 1000.0 -23.3627603 -5.64524092 -2.14770486 -1.65364272 -1.22470918 nan 0.0
0.0 1000.0 -22.32150146 -4.05904986 -0.75343519 -3.06071261 -2.87025753 nan 0.0
0.0 1000.0 -24.57668778 -4.85427422 -0.99232043 -1.89848054 -1.9408946 nan 0.0
0.0 1000.0 -22.23856828 -3.92512928 -1.89681697 -3.81783609 -1.10747581 nan 0.0
0.0 1000.0 -23.6979561 -2.57184242 -1.75648169 -0.99761741 -1.90100862 nan 0.0
0.0 1000.0 -23.23097266 -5.81768143 -0.55832305 -1.63900577 -0.6502434 nan 0.0
0.0 1000.0 -24.74587041 -5.90960233 -2.70720321 -3.44755537 -2.45106113 nan 0.0
0.0 1000.0 -24.98117753 -4.57269398 -1.47672992 -2.72739243 -0.48947517 nan 0.0
0.0 1000.0 -22.1918632 -2.35129709 -2.81578657 -3.59322367 -2.66952724 nan 0.0
0.0 1000.0 -22.25269411 -3.025124 -2.92019783 -0.83526426 -3.93270641 nan 0.0
0.0 1000.0 -22.96257358 -2.16702643 -2.43334569 -1.43451226 -2.00715123 nan 0.0
0.0 1000.0 -23.32974711 -5.62823029 -2.98536607 -3.21121829 -2.37907264 nan 0.0
0.0 1000.0 -22.00443855 -2.53658043 -0.75741298 -1.05535105 -2.09762228 nan 0.0
0.0 1000.0 -22.6747484 -2.09159284 -0.56166003 -0.68942692 -1.5535719 nan 0.0
0.0 1000.0 -22.31611602 -2.02506465 -2.2577699 -2.68621376 -0.60575007 nan 0.0
0.0 1000.0 -22.82292145 -2.7145074 -1.50217653 -3.70336461 -2.87830728 nan 0.0
0.0 1000.0 -24.29736467 -5.3355463 -0.7634252 -1.70413864 -2.69290517 nan 0.0
0.0 1000.0 -2.25142917e+01 -3.12800519e+00 -2.62926508e+00 -1.42572737e+00 -9.83850094e-03 nan 0.0
0.0 1000.0 -22.24058108 -4.31694756 -2.37347341 -2.48448879 -1.50877428 nan 0.0
0.0 1000.0 -22.64628381 -2.00351605 -1.83223671 -3.95955873 -3.26900947 nan 0.0
0.0 1000.0 -22.14924429 -3.00037629 -0.23308322 -2.11383113 -0.08257624 nan 0.0
0.0 1000.0 -22.39612419 -2.28683619 -0.61329292 -3.3467384 -1.68303647 nan 0.0
0.0 1000.0 -24.26318269 -5.74920736 -2.89691977 -0.62800046 -0.5245901 nan 0.0
0.0 1000.0 -22.18720974 -3.62251912 -1.28689012 -2.74465984 -0.42073808 nan 0.0
0.0 1000.0 -24.42036226 -4.33715132 -0.23928042 -3.72404002 -1.92205229 nan 0.0
0.0 1000.0 -24.22957685 -5.31774952 -1.15660385 -2.75451987 -2.23267431 nan 0.0
0.0 1000.0 -22.12148458 -4.37279009 -1.91957759 -3.50967626 -2.47101606 nan 0.0
0.0 1000.0 -24.79968306 -5.55039515 -1.92988888 -3.77571723 -3.68119803 nan 0.0
0.0 1000.0 -22.6381419 -3.90518229 -2.60616348 -3.73020654 -2.10934655 nan 0.0
0.0 1000.0 -24.48304308 -5.65481322 -2.48370294 -1.49617236 -1.45430084 nan 0.0
0.0 1000.0 -23.52543398 -5.86953252 -1.01285102 -2.35491562 -1.54601354 nan 0.0
0.0 1000.0 -23.60699322 -2.33898977 -2.8543154 -2.64554968 -2.85066729 nan 0.0
0.0 1000.0 -22.062206 -3.41720035 -1.73216539 -3.00150788 -0.48017988 nan 0.0
0.0 1000.0 -23.59239949 -2.01327502 -0.60767453 -0.02488294 -1.04913366 nan 0.0
0.0 1000.0 -22.7372082 -2.85315298 -0.30809298 -3.62620757 -1.79550703 nan 0.0
0.0 1000.0 -22.71716263 -3.30168912 -2.07892163 -1.46504439 -3.47944347 nan 0.0
0.0 1000.0 -22.74685627 -2.52888378 -1.60148807 -2.32616593 -0.28578938 nan 0.0
0.0 1000.0 -24.68461085 -4.12594175 -0.95107103 -1.0141926 -2.89507334 nan 0.0
0.0 1000.0 -23.49042258 -5.76518012 -1.87772411 -3.11009985 -0.69428438 nan 0.0
0.0 1000.0 -23.42649686 -5.39843216 -0.06181357 -0.33933071 -1.73130772 nan 0.0
0.0 1000.0 -22.45376086 -2.28722747 -1.25740566 -2.52699338 -3.74545027 nan 0.0
0.0 1000.0 -24.06451903 -4.80333685 -0.70256814 -1.47445161 -3.87384141 nan 0.0
0.0 1000.0 -23.89265002 -5.20337988 -0.15516096 -1.84946252 -3.12728743 nan 0.0
0.0 1000.0 -22.09673292 -3.85312626 -1.23046071 -3.08742573 -0.16930111 nan 0.0
0.0 1000.0 -23.36576472 -5.59880559 -0.27854008 -0.28968511 -3.36426264 nan 0.0
0.0 1000.0 -24.77272822 -4.40016131 -2.67873805 -2.5572497 -2.52869444 nan 0.0
0.0 1000.0 -2.42504712e+01 -4.56547723e+00 -8.97180411e-03 -2.08264771e+00 -2.73855677e+00 nan 0.0
0.0 1000.0 -24.65367605 -4.69810978 -0.83198866 -0.88584106 -0.08743717 nan 0.0
0.0 1000.0 -22.07332678 -4.07012626 -0.71532585 -3.8103572 -2.33262546 nan 0.0
0.0 1000.0 -24.03587366 -4.65220333 -0.26436815 -0.63576939 -2.35867949 nan 0.0
0.0 1000.0 -22.61633726 -2.18746806 -1.34359781 -1.9266152 -2.22363636 nan 0.0
0.0 1000.0 -23.07337664 -5.74666906 -0.22341876 -1.1503189 -2.35616751 nan 0.0
0.0 1000.0 -24.86333932 -5.22903081 -0.44633677 -0.99171993 -1.64823864 nan 0.0
0.0 1000.0 -22.40555384 -2.9141396 -2.28485025 -2.66542183 -1.58298976 nan 0.0
0.0 1000.0 -24.56042551 -5.92330807 -1.07589176 -2.17049635 -1.77709902 nan 0.0
0.0 1000.0 -22.20605714 -3.83222602 -1.26951474 -1.32731704 -2.13823542 nan 0.0
0.0 1000.0 -22.32710854 -2.33539697 -2.70607589 -1.49632491 -3.42640442 nan 0.0
0.0 1000.0 -2.49230524e+01 -4.70512752e+00 -2.93831167e-03 -2.23502267e+00 -2.85552161e+00 nan 0.0
0.0 1000.0 -22.11606663 -2.26803123 -1.2119825 -2.72715654 -3.93572194 nan 0.0
0.0 1000.0 -23.92691832 -5.60576178 -2.40425996 -0.42394867 -1.03045581 nan 0.0
0.0 1000.0 -23.43917769 -2.43152953 -1.33743145 -1.76658752 -2.4600974 nan 0.0
0.0 1000.0 -23.73541299 -2.01671497 -0.83007945 -0.60960703 -1.40120425 nan 0.0
0.0 1000.0 -22.73884827 -2.01684605 -1.70708689 -1.46096236 -1.04183428 nan 0.0
0.0 1000.0 -23.40177581 -5.68370125 -0.0238449 -2.22940028 -1.51538926 nan 0.0
0.0 1000.0 -24.94325712 -5.40264103 -0.88464408 -1.02888286 -3.46910015 nan 0.0
0.0 1000.0 -23.25906365 -2.93327529 -0.9891532 -1.26799216 -2.26494573 nan 0.0
0.0 1000.0 -24.34929466 -5.75173912 -1.20894966 -1.39163834 -3.45741628 nan 0.0
0.0 1000.0 -23.78911291 -5.63934301 -1.53802154 -3.5694271 -2.32745094 nan 0.0
0.0 1000.0 -22.93809349 -5.99972231 -1.7408588 -0.69453787 -1.50300255 nan 0.0
0.0 1000.0 -22.53726514 -2.18811602 -2.52928111 -3.09667524 -3.03347088 nan 0.0
0.0 1000.0 -22.99322479 -3.56719619 -2.16496824 -0.11935616 -2.9312059 nan 0.0
0.0 1000.0 -24.58484628 -5.70214611 -0.53507432 -2.11972074 -3.2000522 nan 0.0
0.0 1000.0 -22.99568088 -3.52695484 -2.48741188 -0.06148068 -3.00807831 nan 0.0
0.0 1000.0 -24.49982572 -5.8987737 -1.39277358 -0.53011519 -0.81637789 nan 0.0
0.0 1000.0 -23.06471701 -5.97063326 -2.45802345 -1.09633797 -0.921915 nan 0.0
0.0 1000.0 -22.07638767 -4.02774407 -0.09469165 -1.02422424 -2.69825066 nan 0.0
0.0 1000.0 -24.64959456 -5.56447034 -0.94270423 -2.41456522 -3.47131001 nan 0.0
0.0 1000.0 -23.05829388 -5.74018618 -2.0723133 -0.70890686 -0.55919306 nan 0.0
0.0 1000.0 -24.50439752 -5.58197681 -0.11618861 -2.18054261 -3.41943446 nan 0.0
0.0 1000.0 -24.30950593 -5.85463788 -2.30551901 -2.9309434 -0.85322096 nan 0.0
0.0 1000.0 -24.41539464 -4.79359885 -0.14030493 -2.08668621 -1.78020487 nan 0.0
0.0 1000.0 -24.41983529 -5.51557875 -0.72534642 -3.40328893 -0.18506832 nan 0.0
0.0 1000.0 -22.2929131 -2.55674102 -1.496658 -1.465061 -2.01205235 nan 0.0
0.0 1000.0 -22.40468014 -2.65812199 -2.3381829 -3.69625579 -3.3689628 nan 0.0
0.0 1000.0 -24.9566619 -3.76143354 -1.66092196 -2.82584188 -0.23155038 nan 0.0
0.0 1000.0 -22.73894635 -3.57589471 -1.46255367 -3.27248231 -3.08465167 nan 0.0
0.0 1000.0 -22.93134154 -2.23213874 -2.96494505 -3.8845875 -0.58416162 nan 0.0
0.0 1000.0 -24.85396129 -4.40198751 -1.28730322 -1.69882921 -0.90348961 nan 0.0
0.0 1000.0 -23.82854865 -5.85274717 -1.80785629 -2.49119644 -3.99045773 nan 0.0
0.0 1000.0 -24.0183824 -2.21751068 -1.7535557 -2.62586206 -3.50616393 nan 0.0
0.0 1000.0 -22.48544366 -2.87627254 -2.35967317 -0.87232729 -0.07522167 nan 0.0
0.0 1000.0 -22.20461509 -4.21359363 -1.25225268 -3.57095056 -1.79943374 nan 0.0
0.0 1000.0 -24.90517865 -4.09043686 -0.48262866 -1.70956173 -0.44279491 nan 0.0
0.0 1000.0 -24.20264189 -2.38220259 -1.76014421 -1.29525461 -1.6377591 nan 0.0
0.0 1000.0 -23.42568076 -5.27797192 -0.0864127 -3.58702189 -0.49329257 nan 0.0
0.0 1000.0 -24.07591849 -2.12976088 -1.88449938 -1.32257145 -2.26670901 nan 0.0
0.0 1000.0 -22.87994915 -3.62145873 -0.59404167 -2.44032117 -1.11433921 nan 0.0
0.0 1000.0 -24.20157279 -4.92815165 -2.49772863 -2.47553397 -0.12805485 nan 0.0
0.0 1000.0 -2.40287863e+01 -5.03396413e+00 -8.82331918e-01 -2.13547006e-02 -3.27615122e+00 nan 0.0
0.0 1000.0 -24.01337061 -2.15702688 -1.7690634 -2.4881208 -3.18934332 nan 0.0
0.0 1000.0 -24.71207602 -5.36325396 -1.80059626 -2.32549316 -2.90759895 nan 0.0
0.0 1000.0 -22.65412094 -2.65873462 -0.71609515 -3.93066689 -2.40847504 nan 0.0
0.0 1000.0 -23.36711551 -5.50912909 -0.74556534 -0.89547697 -0.31921827 nan 0.0
0.0 1000.0 -24.44455635 -4.26823618 -0.52430739 -0.44022634 -2.3146134 nan 0.0
0.0 1000.0 -24.33832902 -4.3762626 -0.51572059 -3.96098346 -1.45055635 nan 0.0
0.0 1000.0 -23.99295314 -5.68667481 -2.95874585 -3.93426713 -1.41473181 nan 0.0
0.0 1000.0 -24.44075749 -4.97455482 -0.94696629 -2.44716443 -0.30506874 nan 0.0
0.0 1000.0 -23.18804338 -5.56793694 -0.703484 -3.97565082 -2.7653783 nan 0.0
0.0 1000.0 -22.08250167 -4.0288025 -2.25373006 -3.88917473 -2.94333683 nan 0.0
0.0 1000.0 -23.0769802 -2.51326896 -1.02927535 -2.84809257 -1.51224667 nan 0.0
0.0 1000.0 -23.81277385 -4.91709338 -2.19695478 -3.89592753 -1.89615257 nan 0.0
0.0 1000.0 -23.33666396 -3.02333636 -0.846815 -2.28620442 -0.7027241 nan 0.0
0.0 1000.0 -24.14835417 -5.30875744 -2.39779608 -3.80446956 -0.07342381 nan 0.0
0.0 1000.0 -24.2976306 -5.94922875 -1.87027464 -0.82102862 -2.91920463 nan 0.0
0.0 1000.0 -24.97433093 -5.96024898 -2.65863814 -3.58827065 -1.6357784 nan 0.0
0.0 1000.0 -24.59324416 -4.45022902 -1.25052195 -2.31360809 -2.51717608 nan 0.0
0.0 1000.0 -24.85332977 -5.75624929 -0.10015739 -0.74933273 -3.8339717 nan 0.0
0.0 1000.0 -23.42898449 -5.70392883 -1.54655568 -0.22590004 -3.00654797 nan 0.0
0.0 1000.0 -23.33107524 -2.09271864 -0.70755217 -0.90626325 -3.01496101 nan 0.0
0.0 1000.0 -22.7710061 -3.08268953 -2.43853417 -2.54604081 -0.53715139 nan 0.0
0.0 1000.0 -24.44889765 -5.42692927 -0.97046108 -3.26244164 -3.37111514 nan 0.0
0.0 1000.0 -23.48193728 -2.57648024 -0.80970743 -2.37971866 -3.47823355 nan 0.0
0.0 1000.0 -24.60934757 -5.64593307 -0.5906489 -3.95558727 -1.24096537 nan 0.0
0.0 1000.0 -22.81467412 -3.34074808 -2.91044712 -1.49574666 -0.4933687 nan 0.0
0.0 1000.0 -22.3329614 -3.86512269 -0.95386071 -1.54974517 -1.32548066 nan 0.0
0.0 1000.0 -23.98091149 -5.20091641 -2.82094785 -3.32305915 -2.85947776 nan 0.0
0.0 1000.0 -24.14533441 -5.62964295 -1.71790422 -3.44126796 -2.47099007 nan 0.0
0.0 1000.0 -22.73966664 -3.10521268 -2.36468475 -2.3483533 -0.6934307 nan 0.0
0.0 1000.0 -24.38835363 -4.6181687 -2.99488746 -0.53456954 -0.70491517 nan 0.0
0.0 1000.0 -22.78620216 -2.70418137 -0.85795772 -3.96400659 -3.59973332 nan 0.0
0.0 1000.0 -24.91790553 -4.02157838 -0.15113319 -2.77070194 -2.02193805 nan 0.0
0.0 1000.0 -24.10946645 -5.85804335 -1.74837454 -0.81522183 -1.70397122 nan 0.0
0.0 1000.0 -23.35325654 -2.00331485 -2.65922102 -3.66510198 -1.31765796 nan 0.0
0.0 1000.0 -22.00663604 -2.1903087 -0.66532292 -1.38304636 -1.22248903 nan 0.0
0.0 1000.0 -23.92714147 -5.63522303 -1.50629626 -0.6841489 -1.00281058 nan 0.0
0.0 1000.0 -24.92912915 -3.97656957 -2.7629387 -0.3382916 -2.09333552 nan 0.0
0.0 1000.0 -22.01381847 -3.46808924 -0.48607387 -2.46564124 -2.74043633 nan 0.0
0.0 1000.0 -24.10406467 -5.92835406 -2.54028363 -3.2643312 -2.94425774 nan 0.0
0.0 1000.0 -22.58567829 -3.07278963 -1.66420485 -1.27177146 -0.7949607 nan 0.0
0.0 1000.0 -24.01208804 -5.1761807 -0.27634706 -3.86129888 -1.24429769 nan 0.0
0.0 1000.0 -22.60335156 -2.61614931 -2.5058399 -1.66125805 -0.47626862 nan 0.0
0.0 1000.0 -22.00824199 -4.18406979 -0.96504591 -3.05989071 -1.97335111 nan 0.0
0.0 1000.0 -24.72303837 -4.00584298 -2.00927211 -0.64145506 -0.62279299 nan 0.0
0.0 1000.0 -24.92766482 -4.66528882 -1.63195138 -2.97541213 -2.4374413 nan 0.0
0.0 1000.0 -24.00704333 -2.25165031 -2.60611877 -1.9935884 -2.22553574 nan 0.0
0.0 1000.0 -22.42293606 -3.15708366 -0.06861809 -0.7744538 -1.78649312 nan 0.0
0.0 1000.0 -23.26378257 -3.30143038 -1.80552452 -2.91934632 -3.51352106 nan 0.0
0.0 1000.0 -24.16353398 -5.5820814 -2.84928374 -3.20218365 -1.30154483 nan 0.0
0.0 1000.0 -24.4624084 -5.32291361 -0.08023941 -3.07244581 -1.57889097 nan 0.0
0.0 1000.0 -22.80897123 -2.23823578 -2.76378321 -1.3658378 -1.39144176 nan 0.0
0.0 888.0625729163121 -2.36205870e+01 -3.11374265e+00 -1.24252274e+00 -1.18258898e-02 -3.56332495e+00 nan 0.0
0.0 789.8818616045584 -23.65846565 -3.11896671 -0.77746789 -0.45750859 -1.78164343 -888.0625729163121 0.0
0.0 750.4329987920049 -23.5878225 -3.14421581 -0.34551046 -2.52158344 -1.24247207 -789.8818616045584 0.0
3.892e-319 725.6985288312198 -24.27638763 -3.18299538 -1.59219564 -0.53326258 -0.56420279 -750.4329987920049 0.0
2.9216452605080734e-283 643.0902403871377 -24.07427446 -3.04140585 -1.56330662 -1.06568862 -3.05405084 -725.6985288312198 0.0
8.645612172026552e-276 625.8852417413339 -23.98878963 -3.12170795 -2.52416111 -0.85230266 -2.89684877 -643.0902403871377 0.0
2.121077691023547e-275 625.5079948939282 -23.90274351 -3.15967747 -2.10990179 -3.9927071 -1.07639152 -625.8852417413339 0.0
6.424489686271687e-242 547.8902872680121 -24.28115973 -3.08235869 -0.93785279 -1.46363685 -1.05022449 -625.5079948939282 0.0
4.276166987656331e-233 527.5720835865627 -24.19597924 -3.36854026 -0.63339189 -0.19225852 -0.10116317 -547.8902872680121 0.0
8.729830897571591e-217 490.01503513980407 -23.67052735 -3.01546803 -1.68137108 -3.6195593 -1.67278983 -527.5720835865627 0.0
1.2444926547721432e-210 475.8429602450011 -23.72476958 -3.43235331 -1.68080307 -1.33663154 -0.18608623 -490.01503513980407 0.0
1.0743519164574937e-208 471.39442955811154 -23.5987296 -3.24073636 -0.54863607 -0.63005141 -1.82501603 -475.8429602450011 0.0
2.9706803459845766e-205 463.45633183704024 -24.85459403 -2.75159902 -1.49467088 -1.82433311 -0.97757239 -471.39442955811154 0.0
4.275989526198271e-174 391.70961458608593 -24.56809557 -3.06505325 -1.08932473 -0.41951305 -1.68760999 -463.45633183704024 0.0
7.378201896030738e-170 381.9518196321192 -23.85821137 -3.21515094 -1.97533766 -0.9063892 -3.38061463 -391.70961458608593 0.0
6.28203710292152e-168 377.51721928765005 -23.783349 -2.88666817 -2.38422606 -1.61579796 -3.58640352 -381.9518196321192 0.0
4.9317614669060245e-166 373.152902238098 -24.70011273 -3.19361452 -0.06020826 -1.64340203 -0.17008734 -377.51721928765005 0.0
7.774781334129523e-163 365.775942066646 -24.63628651 -2.5460883 -1.40214583 -2.85962126 -2.77962734 -373.152902238098 0.0
3.4754043335885276e-156 350.4603978384855 -24.87510063 -2.61357945 -2.30413197 -3.41899374 -1.53652145 -365.775942066646 0.0
3.383204704664989e-154 345.8904217853033 -24.88960901 -2.73122852 -2.79218678 -0.89606633 -2.32689456 -350.4603978384855 0.0
2.7482938603089396e-153 343.91302637645265 -24.66668804 -2.24780319 -1.8830095 -3.64482592 -3.25987298 -345.8904217853033 0.0
6.304981540005612e-140 313.0174129051293 -23.77334823 -3.31738389 -1.11408654 -0.90648298 -1.12919309 -343.91302637645265 0.0
2.518994039855149e-124 277.09153382484834 -23.42580306 -3.46654706 -0.06360429 -1.9995909 -2.18468552 -313.0174129051293 0.0
2.2839965786469806e-122 272.5933663708451 -23.33712564 -3.46996251 -1.4635975 -1.17927807 -0.25859252 -277.09153382484834 0.0
5.7701990760831455e-120 267.0522650299759 -24.48160848 -2.73477215 -1.34921942 -3.1128637 -2.31976085 -272.5933663708451 0.0
1.8442527205315302e-119 266.2569576816142 -24.06195964 -3.48586792 -1.3077368 -0.13574318 -0.20948146 -267.0522650299759 0.0
6.722351395972063e-119 264.79808027352385 -24.48343321 -3.15747341 -2.23194197 -0.38093825 -1.2996366 -266.2569576816142 0.0
2.0631749290649697e-108 240.43979593091808 -23.33049108 -3.52712101 -1.79890369 -3.85233851 -0.16395268 -264.79808027352385 0.0
4.047052196421396e-106 235.1639857838615 -24.26883434 -3.25813147 -1.98787044 -0.45009544 -2.94007363 -240.43979593091808 0.0
3.4147980028957297e-105 233.14936917160276 -24.01748629 -2.97485305 -1.29513177 -3.60008348 -2.32320154 -235.1639857838615 0.0
4.236412353067439e-100 221.29365753293803 -23.69107138 -3.49942904 -0.58984277 -0.64515482 -0.67268428 -233.14936917160276 0.0
9.103819507117565e-96 211.3163812191394 -23.54240734 -3.10301668 -2.46010947 -2.58024703 -1.91454989 -221.29365753293803 0.0
1.799388500177703e-92 203.72574860247235 -24.31733903 -3.06690404 -2.88579755 -3.90007319 -1.3390421 -211.3163812191394 0.0
3.592329220635984e-92 203.72432956396412 -24.67464595 -2.90227177 -0.83002695 -1.26416027 -2.05716349 -203.72574860247235 0.0
6.235407834730922e-91 200.2050560904707 -24.79855137 -3.02724112 -0.4252304 -3.83444541 -1.03279456 -203.72432956396412 0.0
2.289719045558511e-89 196.59726263916653 -24.78215502 -2.9108245 -0.68238654 -3.31653184 -3.34795454 -200.2050560904707 0.0
9.032863694828837e-86 188.28856477101644 -2.43263208e+01 -3.38841729e+00 -8.38292446e-01 -4.38149352e-03 -3.96551373e+00 -196.59726263916653 0.0
1.8856598081679343e-83 182.94994782593093 -23.57498316 -3.6235475 -2.42354407 -0.86161104 -0.2189685 -188.28856477101644 0.0
3.889978296505765e-76 166.10093741965977 -23.62351968 -3.52954061 -1.55870702 -2.92817497 -0.67943832 -182.94994782593093 0.0
2.003889258408815e-74 162.17664635786457 -23.76890736 -3.41168421 -0.47398439 -3.15869715 -2.5287356 -166.10093741965977 0.0
5.626606813138449e-71 154.2152615257224 -23.80889645 -3.12566276 -1.41213998 -3.86628823 -2.17054625 -162.17664635786457 0.0
8.294890728300896e-65 140.00927184527808 -24.66141741 -3.01548347 -0.6556608 -2.79834041 -2.19832156 -154.2152615257224 0.0
3.8504535336583844e-63 136.19128589087956 -24.94737648 -2.84964741 -0.79047313 -1.79337316 -0.86727967 -140.00927184527808 0.0
3.058686966699552e-60 129.49123381150577 -24.10721339 -3.41944738 -0.35730189 -0.89951388 -3.8817729 -136.19128589087956 0.0
9.80591775451123e-58 123.72094922022181 -23.47239635 -3.70277448 -0.92587746 -0.22563271 -0.21096602 -129.49123381150577 0.0
3.3834702516863456e-57 122.81749209953664 -23.27238194 -3.55214552 -2.11800362 -3.2775195 -0.67817783 -123.72094922022181 0.0
4.578534043257303e-54 115.26563100771902 -23.24761757 -3.49036952 -0.58075303 -0.69773634 -2.40438044 -122.81749209953664 0.0
1.2159045157149197e-53 114.75738547252385 -23.79432773 -3.43236058 -2.54799482 -3.81484614 -1.16445263 -115.26563100771902 0.0
2.5274185063677633e-50 106.64524990956764 -23.27329716 -3.42103104 -0.76704621 -1.10716219 -2.3020172 -114.75738547252385 0.0
3.2829411365128744e-49 104.15874560267585 -23.47776179 -3.6627237 -0.51991792 -2.10295858 -0.59031906 -106.64524990956764 0.0
1.4212916448840862e-48 102.85070895947324 -24.07784119 -3.44608858 -0.36300255 -1.60284654 -1.34885484 -104.15874560267585 0.0
5.608843669580159e-47 98.9541630532691 -23.93394194 -2.98400539 -1.95392669 -1.88233307 -3.37100682 -102.85070895947324 0.0
3.748653926650304e-40 83.21690888846172 -24.44055156 -2.85341005 -2.36192949 -2.95640092 -2.11905385 -98.9541630532691 0.0
7.970470711921854e-40 83.09427114398378 -23.50259279 -3.51141935 -0.70719835 -1.15775179 -3.04026331 -83.21690888846172 0.0
2.051822771448088e-39 81.74330582940136 -24.02880567 -2.91114285 -1.43274837 -2.39881692 -3.15729113 -83.09427114398378 0.0
5.430400211714144e-39 80.89369534765379 -23.28679437 -3.77567781 -2.65373178 -1.57244611 -0.19186551 -81.74330582940136 0.0
1.4621816663873514e-38 79.84582463568222 -23.12653923 -3.76707069 -2.81139951 -1.54966958 -0.10968764 -80.89369534765379 0.0
9.554206521373757e-38 77.7861641923887 -24.79922842 -2.92829697 -2.56639428 -2.94860052 -0.85157634 -79.84582463568222 0.0
1.8200458440000181e-37 77.64454139788842 -23.63189928 -3.66149693 -0.26168945 -3.29315674 -2.70119686 -77.7861641923887 0.0
3.802785705434648e-37 76.57615501989095 -23.34501727 -3.64979432 -1.98650663 -0.3002182 -3.59039719 -77.64454139788842 0.0
6.670250105355464e-36 73.45759476634073 -24.09133792 -3.10904326 -2.61570002 -3.73125434 -2.02291945 -76.57615501989095 0.0
2.089390122118528e-34 69.99892735822513 -23.54061128 -3.69714085 -1.77237904 -0.382687 -0.88834129 -73.45759476634073 0.0
5.204645346595542e-34 69.54497553426731 -23.76801679 -3.44349021 -1.94612049 -2.11341598 -1.39756614 -69.99892735822513 0.0
1.4657129805118929e-33 68.26017273863071 -23.37326806 -3.51842509 -1.11005404 -3.18661651 -1.44476908 -69.54497553426731 0.0
3.5603442529117015e-33 67.51470342618236 -23.28700278 -3.59161765 -0.71201325 -0.88795576 -3.3035867 -68.26017273863071 0.0
2.76696907638467e-32 65.16501700839548 -24.70162005 -2.577706 -1.6133693 -3.02438708 -3.43604483 -67.51470342618236 0.0
2.2584127256685125e-29 58.368352143797196 -23.79728495 -3.45938768 -2.4595932 -2.34783089 -1.35255209 -65.16501700839548 0.0
2.0884908046461026e-28 56.254937443607545 -23.96733211 -3.254323 -1.07083369 -1.64657678 -2.30967364 -58.368352143797196 0.0
7.932894543549117e-27 52.52543451220787 -24.45402914 -2.95246965 -1.16517707 -2.72927658 -3.37876312 -56.254937443607545 0.0
4.283669525766013e-24 46.209974524635285 -24.62301072 -3.07149861 -0.80107151 -3.67113287 -2.06514406 -52.52543451220787 0.0
9.397937053806186e-23 43.1643758541892 -23.73647575 -3.67341154 -0.63363451 -3.12498369 -0.80866904 -46.209974524635285 0.0
1.5311522879757995e-21 40.38545969160175 -24.60583509 -3.11541292 -2.35279901 -1.14462259 -0.82914878 -43.1643758541892 0.0
4.780388989265352e-21 39.54276491949036 -24.7358454 -3.01867214 -2.70588038 -2.6134603 -0.81839272 -40.38545969160175 0.0
7.916580019204024e-21 39.22518182975481 -22.94506977 -3.79061018 -0.41328104 -1.65416957 -0.62232473 -39.54276491949036 0.0
1.3705243124619557e-20 38.53336203604085 -24.9232506 -3.29335856 -0.10765256 -2.07714103 -0.50201994 -39.22518182975481 0.0
3.385413137267504e-20 37.53483053509027 -23.41443942 -3.93955578 -2.6345885 -3.5308105 -0.15313473 -38.53336203604085 0.0
1.156163293593919e-19 36.23118926675728 -22.87066958 -3.91837328 -0.73576728 -0.71834671 -0.12649843 -37.53483053509027 0.0
1.1288146112834346e-18 33.794120265078206 -22.9392633 -3.81096624 -0.16868108 -3.13274833 -1.986654 -36.23118926675728 0.0
6.818492667164267e-18 32.07465025162486 -23.2759774 -3.86216537 -0.50116468 -3.90022192 -0.71551752 -33.794120265078206 0.0
2.617802679416712e-17 30.81160584141474 -24.89146456 -2.44101895 -1.84722129 -3.85169784 -3.54031592 -32.07465025162486 0.0
5.852067935980823e-17 30.1838499829879 -23.50323185 -3.38331491 -1.0845741 -3.69967961 -2.6912691 -30.81160584141474 0.0
1.0350629399205329e-16 29.642539423647513 -23.88425772 -3.64741928 -0.39613759 -3.18499598 -1.92409908 -30.1838499829879 0.0
1.5060903173196645e-16 29.37518400592387 -23.3073025 -3.83617 -1.79634058 -0.40016888 -1.25109131 -29.642539423647513 0.0
2.8210870438754496e-16 28.536456835960323 -23.07186433 -3.71921639 -0.82277897 -2.76213861 -1.27158704 -29.37518400592387 0.0
8.248982693209786e-16 27.3744415633243 -23.57092004 -3.18282075 -1.3228956 -2.99202645 -3.00913253 -28.536456835960323 0.0
1.2617470713805403e-15 27.362382804755423 -23.55238877 -3.59608548 -0.72625855 -3.97459711 -2.61719067 -27.3744415633243 0.0
3.611707369415532e-15 25.8143945139484 -24.25110405 -3.26069607 -0.88068324 -3.25174872 -2.41394849 -27.362382804755423 0.0
6.418366954934358e-15 25.666529732793236 -23.53225418 -3.89230214 -0.91276473 -3.36182859 -0.42472459 -25.8143945139484 0.0
4.1493868849555636e-14 23.262724694601467 -23.02499659 -3.83183642 -2.86271827 -0.4481826 -3.40080841 -25.666529732793236 0.0
1.8727867333081163e-13 21.89379511673472 -23.19644503 -4.01711654 -2.79061524 -0.60858612 -0.26184179 -23.262724694601467 0.0
5.274288605412286e-13 20.9617310413031 -24.1763511 -3.25829251 -1.34656221 -1.33228566 -1.94607108 -21.89379511673472 0.0
7.705351576979809e-13 20.922293823415448 -22.89384788 -3.84146642 -0.99169447 -0.31597199 -2.30798191 -20.9617310413031 0.0
9.451579375206161e-13 20.578258078374454 -22.9985946 -3.77530656 -2.9537126 -0.86951434 -2.02582375 -20.922293823415448 0.0
1.254964457433238e-12 20.336417683572492 -24.75561758 -3.18904383 -0.59110242 -2.94628131 -1.47630019 -20.578258078374454 0.0
3.25703034655433e-11 16.520381985253927 -24.40611022 -3.42549731 -1.27778202 -0.36074025 -2.43742132 -20.336417683572492 0.0
6.689050965005893e-11 16.42222366941351 -22.68368905 -3.97030329 -0.03068777 -1.98878616 -2.02489721 -16.520381985253927 0.0
4.238548019586698e-10 14.01484436265866 -24.3192836 -3.00080964 -1.42412388 -3.17864988 -3.94949181 -16.42222366941351 0.0
8.712723092286788e-10 13.795563555998259 -24.34627053 -2.95149815 -2.68460963 -2.57079822 -2.39193906 -14.01484436265866 0.0
1.3453434286797898e-09 13.2134855403559 -22.83223608 -4.10046012 -2.68310046 -3.8035207 -0.15638126 -13.795563555998259 0.0
1.9103052208762188e-09 13.01649185437928 -23.09567596 -3.85268198 -0.53720613 -2.38461357 -3.69296302 -13.2134855403559 0.0
2.842859054442726e-09 12.47668840865131 -24.25862544 -3.45109612 -1.5050363 -0.61415425 -2.94564056 -13.01649185437928 0.0
6.258501729921834e-09 11.563758304122274 -22.8842542 -3.86110714 -1.33326251 -0.9268565 -1.89448293 -12.47668840865131 0.0
1.242903582012821e-08 10.982346299411919 -23.598489 -3.85154474 -0.41241525 -2.85972359 -2.79578011 -11.563758304122274 0.0
1.72087214179142e-08 10.83134915275204 -22.6958729 -4.05648821 -2.85741901 -3.13598012 -0.37178128 -10.982346299411919 0.0
2.1948159545697026e-08 10.51157708350879 -23.63737694 -3.62818192 -1.07986143 -2.3356897 -1.66934214 -10.83134915275204 0.0
2.5577069258934108e-08 10.49593310613066 -23.22460503 -3.61886554 -1.07373111 -2.47090666 -2.42459026 -10.51157708350879 0.0
3.029521907550561e-08 10.191946119379683 -22.95589232 -3.96412084 -2.05879722 -0.91555253 -1.03378418 -10.49593310613066 0.0
4.1240358355161165e-08 9.876796377273465 -24.63849159 -2.96746506 -1.30205652 -1.80809169 -2.32764224 -10.191946119379683 0.0
6.931303870993616e-08 9.228174845617762 -23.00482075 -4.07039077 -0.33637606 -0.38753023 -2.83077283 -9.876796377273465 0.0
1.3182301923135764e-07 8.585339951546201 -23.95182859 -3.28186653 -1.71302775 -3.58190092 -2.26031357 -9.228174845617762 0.0
2.047972258877354e-07 8.266749192661111 -22.667111 -4.08343365 -1.1073537 -3.15399522 -0.47554272 -8.585339951546201 0.0
2.7360580091636983e-07 7.995127593041807 -23.89817495 -3.09349462 -1.62027793 -3.0949787 -3.39550413 -8.266749192661111 0.0
3.386611543673265e-07 7.824971265351392 -23.03282689 -4.09222874 -2.44866535 -0.17394217 -3.27277059 -7.995127593041807 0.0
4.1480170394695146e-07 7.591855997578472 -24.43034311 -3.55306231 -0.44974265 -0.25485491 -3.99117658 -7.824971265351392 0.0
4.831227620361363e-07 7.50439171405538 -23.16981235 -4.01601188 -2.39891804 -0.5533686 -3.02865431 -7.591855997578472 0.0
5.549712382132639e-07 7.317387071359507 -23.78442073 -3.09330374 -2.93175511 -2.84217306 -2.95159709 -7.50439171405538 0.0
7.131695108145008e-07 7.013116458090024 -23.09911449 -4.17847345 -0.20478079 -0.04115512 -2.22936183 -7.317387071359507 0.0
9.391363657610366e-07 6.756295649004999 -24.27727996 -3.48367659 -2.65361873 -0.5904304 -1.50051071 -7.013116458090024 0.0
1.294227556724841e-06 6.3854461889692455 -24.18850838 -3.12037141 -1.52689918 -3.04388466 -2.52215907 -6.756295649004999 0.0
1.58672719519622e-06 6.311943909458673 -22.92081668 -3.8448245 -0.74268888 -3.79283255 -3.37201146 -6.3854461889692455 0.0
2.021938411132145e-06 5.931333190659339 -24.56952871 -3.27277547 -2.95403823 -2.4965384 -0.64401447 -6.311943909458673 0.0
2.5599327638355656e-06 5.804141339342863 -24.95107022 -2.82518353 -1.38608135 -3.07662341 -1.60069717 -5.931333190659339 0.0
2.8370046367963977e-06 5.7195483353919165 -22.58555818 -4.09911657 -0.3522479 -0.24316234 -1.62290762 -5.804141339342863 0.0
5.055377133285961e-06 4.833229428708053 -23.21827419 -3.6681278 -2.91605594 -2.50331283 -2.27941839 -5.7195483353919165 0.0
1.0040315325855698e-05 4.239751600690154 -23.68419623 -3.99178255 -1.37090972 -0.15407201 -1.74757775 -4.833229428708053 0.0
1.3139831743756087e-05 4.204670418003157 -22.98679141 -4.15131251 -0.78269561 -1.88653182 -0.80344251 -4.239751600690154 0.0
1.3429212428154656e-05 4.191920264123222 -23.02676792 -4.15738683 -0.37430154 -2.26182673 -1.06243127 -4.204670418003157 0.0
1.4080522103725044e-05 4.1076869304463415 -23.23350018 -3.92863419 -2.35824974 -1.06920323 -3.40117375 -4.191920264123222 0.0
1.4673399362788177e-05 4.1036672964683465 -23.00596332 -3.64422026 -2.2439184 -3.40287304 -2.35735437 -4.1076869304463415 0.0
1.4789144131417957e-05 4.088033747883346 -23.3099987 -3.70727821 -1.07206395 -3.2033298 -2.5479351 -4.1036672964683465 0.0
1.5513131332270795e-05 4.005716847739116 -23.02363778 -4.29415425 -0.05934336 -0.03012094 -3.78878301 -4.088033747883346 0.0
1.8007204070401845e-05 3.795229893368227 -23.60567968 -3.75999797 -2.2960248 -1.07685455 -1.89633102 -4.005716847739116 0.0
2.2355540343313e-05 3.5706438027325 -22.73108137 -4.30796833 -0.68469153 -0.5708614 -0.25046142 -3.795229893368227 0.0
2.4906480938272438e-05 3.5625591767106193 -22.6471925 -4.17280284 -1.97255611 -0.26628035 -2.53531274 -3.5706438027325 0.0
2.627567764195177e-05 3.4621210357654766 -24.17455316 -3.19296167 -1.40138106 -3.28207545 -3.51174782 -3.5625591767106193 0.0
2.7620262698453116e-05 3.4562390205819016 -24.04055155 -3.54868463 -0.83754183 -2.72812175 -3.80451402 -3.4621210357654766 0.0
2.7823128570618342e-05 3.4435208611980324 -23.90590228 -3.71541264 -0.65473836 -3.60431919 -1.17107569 -3.4562390205819016 0.0
2.8559870541282126e-05 3.400397513762201 -24.63021854 -3.4086795 -1.70511796 -0.2482618 -2.97839022 -3.4435208611980324 0.0
3.111912128607315e-05 3.271566745476829 -22.68231571 -4.10665694 -0.54282819 -1.12582176 -1.88306832 -3.400397513762201 0.0
3.470572617783732e-05 3.1763559890703643 -23.12681179 -4.19226643 -0.26119019 -1.67970135 -1.34174321 -3.271566745476829 0.0
4.02110487081216e-05 2.980414097475079 -22.48247977 -4.21055901 -2.29162005 -1.22422471 -0.66444054 -3.1763559890703643 0.0
4.62289907727871e-05 2.886070724495857 -23.52477309 -3.94087962 -1.62856063 -0.69797554 -1.34263733 -2.980414097475079 0.0
4.888013615933666e-05 2.862801127859597 -24.50463571 -3.35437657 -0.80816814 -1.81262036 -1.28539844 -2.886070724495857 0.0
5.340342228689309e-05 2.7107093065146843 -23.34389275 -3.41222168 -1.69721685 -2.8077819 -2.84852434 -2.862801127859597 0.0
6.262490846293386e-05 2.541592771305166 -23.85319957 -3.77058329 -2.58191549 -3.67613935 -0.79459749 -2.7107093065146843 0.0
7.019225461511616e-05 2.4726113308252144 -22.96415089 -4.32118519 -1.42041851 -0.9141065 -0.3528075 -2.541592771305166 0.0
7.931781691190254e-05 2.2994450651524168 -22.74812653 -4.14534651 -0.4870179 -2.91496238 -2.58063149 -2.4726113308252144 0.0
8.731308634847735e-05 2.2692803597038824 -24.70628402 -3.27716843 -0.82255671 -0.97778988 -1.77942477 -2.2994450651524168 0.0
9.156924502290235e-05 2.2011902146789843 -23.55649797 -4.0476168 -1.28682052 -2.04257124 -0.47248693 -2.2692803597038824 0.0
9.475628805041402e-05 2.1957075379170514 -23.02664499 -3.72633957 -2.32037441 -1.80359353 -2.71467189 -2.2011902146789843 0.0
0.00010043197358254905 2.083962012876136 -22.66075281 -4.19227681 -1.40041373 -2.31599809 -1.00973475 -2.1957075379170514 0.0
0.00011871511397279332 1.865957427360726 -23.52279571 -3.95398269 -2.03506762 -2.59437786 -0.9577409 -2.083962012876136 0.0
0.00013289856625950524 1.8425261056278106 -22.84582513 -4.32881208 -1.83007569 -0.05610665 -3.31494983 -1.865957427360726 0.0
0.000136550536324789 1.807906585209123 -23.44071034 -3.35572757 -2.07404681 -2.21454287 -3.59643286 -1.8425261056278106 0.0
0.00016327641338956042 1.5037674974063975 -22.90751643 -5.70005943 -2.70309214 -3.11785492 -3.21784516 -1.807906585209123 0.0
0.0001875444255766747 1.5037316139413022 -22.85636471 -5.54336414 -2.97051917 -2.64015268 -2.13703049 -1.5037674974063975 0.0
0.00018717463475240216 1.5037188858178783 -22.90131032 -5.67761954 -2.55186759 -2.90918226 -1.67552612 -1.5037316139413022 0.0
0.00018680471219107166 1.5036922195661047 -22.55995397 -5.70814845 -2.78308135 -2.66870117 -2.29357546 -1.5037188858178783 0.0
0.00018643830360630072 1.503649638263488 -22.92338226 -5.60375877 -2.47767375 -2.76876677 -3.35811598 -1.5036922195661047 0.0
0.00018607208901592952 1.5036286111207868 -22.53035602 -5.94550246 -2.29034124 -1.57206612 -3.33187018 -1.503649638263488 0.0
0.00018570471710592566 1.503606241329855 -22.60704543 -5.87950177 -2.83747906 -2.06445401 -0.75624653 -1.5036286111207868 0.0
0.0001853364153619736 1.5036030750648897 -22.34859937 -5.6065805 -2.94854471 -3.45103884 -3.59995257 -1.503606241329855 0.0
0.0001849702107395189 1.5035659283710525 -22.50921248 -5.57430537 -2.98010218 -3.50107831 -2.3031861 -1.5036030750648897 0.0
0.0001846070577704915 1.5035375395340027 -22.67569584 -5.93342188 -2.51261754 -1.53109884 -0.25991201 -1.5035659283710525 0.0
0.00018427013052551663 1.5032234923590475 -22.78114262 -5.73995953 -2.6494715 -1.07998116 -2.10113178 -1.5035375395340027 0.0
0.00018393706499003046 1.5031597519318873 -22.61178446 -5.8332449 -1.97519251 -3.29588148 -0.58284081 -1.5032234923590475 0.0
0.0001835797864320313 1.5031160556226164 -23.5758273 -5.01282935 -2.43750574 -3.1282547 -2.20977659 -1.5031597519318873 0.0
0.00018322325273140098 1.5030517608904193 -23.61281855 -5.0000473 -2.93258224 -1.55522439 -1.61894222 -1.5031160556226164 0.0
0.0001828698508079758 1.5029813855534648 -23.52365991 -5.0739791 -2.29369955 -3.70403126 -2.27812312 -1.5030517608904193 0.0
0.00018252733378863533 1.50280529419469 -23.87760118 -4.73937791 -2.53008482 -2.9080895 -2.50401784 -1.5029813855534648 0.0
0.00018220093067625997 1.502565073275318 -22.25729049 -5.97273687 -1.71378777 -3.55466938 -0.85402761 -1.50280529419469 0.0
0.0001818893461855307 1.5022324593406267 -22.58001293 -5.30328278 -2.56885838 -3.22354375 -2.56378891 -1.502565073275318 0.0
0.00018156540116156934 1.502134219520905 -23.62652322 -4.8094212 -2.41712879 -3.22955358 -3.16195932 -1.5022324593406267 0.0
0.0001812306729084909 1.5019270022519091 -22.12910769 -5.69157542 -2.60579492 -2.55874259 -2.03015665 -1.502134219520905 0.0
0.00018091891724042092 1.5015816252235847 -23.72987447 -4.69639899 -2.4828975 -2.04516872 -2.80047509 -1.5019270022519091 0.0
0.00018059207851630924 1.5015473311281513 -22.01515234 -5.61191374 -2.38076681 -2.72434157 -2.95205116 -1.5015816252235847 0.0
0.00018024122570468537 1.5014749838744301 -23.65752592 -4.95688455 -2.14901053 -2.27871434 -0.43104399 -1.5015473311281513 0.0
0.00017989316656922137 1.501417207080749 -23.63518892 -4.87828269 -2.13253842 -3.27994858 -1.32727314 -1.5014749838744301 0.0
0.00017954181564187576 1.5013890151287872 -22.15740957 -5.9760624 -2.77004809 -2.28283404 -0.6592419 -1.501417207080749 0.0
0.00017920228099876668 1.5012070253824032 -24.44176359 -4.20659554 -2.6463146 -2.29098019 -3.55439834 -1.5013890151287872 0.0
0.00017886660319804372 1.5011428720759927 -22.77001233 -5.74762107 -1.20079254 -2.57776649 -1.02248045 -1.5012070253824032 0.0
0.0001785998273771346 1.5001964281215692 -24.14978798 -4.47720278 -2.36115523 -1.6119859 -1.06321728 -1.5011428720759927 0.0
0.00017836390164009805 1.4997903786383864 -22.72294766 -5.73646401 -1.09147329 -2.46289844 -0.95927711 -1.5001964281215692 0.0
0.0001780452918642699 1.4997761576347046 -24.08321929 -4.46208906 -2.45668049 -1.62552118 -3.64370895 -1.4997903786383864 0.0
0.00017770005287808807 1.4996762435005744 -23.61036724 -4.96081448 -1.82837233 -1.19585744 -1.4508205 -1.4997761576347046 0.0
0.00017735685245623731 1.4996465784690027 -22.76075978 -5.36131368 -1.89586365 -3.41767929 -1.29527304 -1.4996762435005744 0.0
0.0001770111077337496 1.4995829036681023 -23.79918732 -4.81306703 -2.90449467 -1.00676631 -0.75790694 -1.4996465784690027 0.0
0.00017666908989328136 1.4995186771645699 -22.2623733 -5.85687885 -2.3449825 -1.44429828 -0.56569494 -1.4995829036681023 0.0
0.00017633054073793236 1.4994231558350346 -23.02400567 -5.32490047 -2.47788466 -2.00138208 -0.43447223 -1.4995186771645699 0.0
0.0001760115927259562 1.4991435799182997 -23.13248664 -5.51210845 -1.07489796 -1.77208717 -2.80474165 -1.4994231558350346 0.0
0.00017570416733965174 1.4989234375303893 -22.53326113 -5.41411603 -1.99477524 -1.88847205 -1.8096776 -1.4991435799182997 0.0
0.00017538699744738215 1.498761103216762 -22.58236448 -5.26490789 -2.81477544 -2.0202698 -2.24085499 -1.4989234375303893 0.0
0.00017505352840162982 1.4987337110005046 -23.0408096 -5.0454308 -2.15310675 -3.95262466 -1.64939975 -1.498761103216762 0.0
0.00017471491056159669 1.4986375814400807 -22.63979829 -5.55955629 -2.15224225 -0.96547758 -3.98546613 -1.4987337110005046 0.0
0.000174406432798687 1.4982720705891497 -22.74638188 -5.76287494 -0.96282775 -0.3708098 -1.06126646 -1.4986375814400807 0.0
0.0001741027156522004 1.4981274503912596 -22.90687954 -5.56065168 -1.11588338 -2.1519916 -0.49174125 -1.4982720705891497 0.0
0.00017377320417261374 1.498064901336437 -22.82629442 -5.83835114 -0.6421869 -0.62459205 -0.44275027 -1.4981274503912596 0.0
0.0001734343792618353 1.4980348730918518 -23.04776424 -5.17885045 -1.71989694 -3.67921519 -3.99946192 -1.498064901336437 0.0
0.00017310594583561166 1.4978599026480652 -22.91563213 -5.05651974 -2.08561523 -2.7124105 -2.63090646 -1.4980348730918518 0.0
0.00017279327352094653 1.4976546336473524 -23.56759419 -4.64513919 -2.64153336 -2.82235057 -1.41631132 -1.4978599026480652 0.0
0.00017247210046669796 1.4975847725353506 -22.26993925 -5.35076181 -2.80295436 -2.23450678 -3.21222668 -1.4976546336473524 0.0
0.00017214547995860553 1.4974497395369446 -24.0737487 -4.49068143 -2.03910888 -2.88511558 -2.97393703 -1.4975847725353506 0.0
0.0001718243351646965 1.4973233372169577 -23.40868773 -4.62100681 -2.42056955 -3.88401901 -3.41134766 -1.4974497395369446 0.0
0.00017150388612426044 1.4971871784039332 -24.70268616 -3.95684048 -2.60567022 -1.73011458 -1.97229389 -1.4973233372169577 0.0
0.0001711931042602489 1.4969548246002926 -24.40464116 -4.16181132 -2.3344958 -2.71227242 -2.68078796 -1.4971871784039332 0.0
0.00017087884899932854 1.4968658895958704 -24.37771681 -4.26340159 -2.39993385 -3.48158502 -0.54214334 -1.4969548246002926 0.0
0.00017055131744394829 1.4967959915405116 -23.09622135 -5.26014228 -2.76744418 -0.81872019 -2.9000997 -1.4968658895958704 0.0
0.00017021789047047 1.496783700088388 -24.65529893 -3.74199285 -2.90875545 -3.20776246 -3.51617211 -1.4967959915405116 0.0
0.0001698866453016751 1.496695793530174 -22.84048146 -5.36519218 -1.46381162 -3.20066315 -3.95483205 -1.496783700088388 0.0
0.00016956133375271645 1.4966211139966317 -23.19428458 -5.28812368 -1.41089099 -2.01811736 -0.0351966 -1.496695793530174 0.0
0.00016923076287657382 1.4966027230537806 -23.10675541 -5.24378589 -2.96673144 -0.83456235 -2.48827107 -1.4966211139966317 0.0
0.00016890506581965884 1.496477968401222 -23.59671595 -5.07137964 -1.42315422 -0.57953553 -0.387871 -1.4966027230537806 0.0
0.00016858472288543513 1.496403488236735 -23.30882131 -5.11459304 -2.41154618 -0.81326794 -1.75752428 -1.496477968401222 0.0
0.00016828603907893347 1.4960285662394153 -22.28877129 -5.89931861 -0.90511856 -3.01973088 -1.20196508 -1.496403488236735 0.0
0.00016799049912913288 1.495922890888961 -22.92332943 -5.09200274 -2.67390839 -1.61364456 -2.84860289 -1.4960285662394153 0.0
0.0001676838253283613 1.4956869937607855 -22.75354832 -5.16047495 -1.89725241 -3.70959651 -2.81423537 -1.495922890888961 0.0
0.00016737191460648414 1.4956505606097332 -22.75519095 -5.28984337 -2.21116087 -1.3522188 -3.61616408 -1.4956869937607855 0.0
0.00016705131098177233 1.4955256984258987 -22.84779553 -5.66816255 -2.35768856 -0.0232598 -1.04088719 -1.4956505606097332 0.0
0.0001667293961181737 1.4955123533540577 -22.91963592 -5.35133648 -1.43004138 -1.07799183 -3.75073046 -1.4955256984258987 0.0
0.00016643655576491 1.4950455981297879 -23.44764181 -4.82530841 -2.56686495 -2.54752811 -0.86579598 -1.4955123533540577 0.0
0.00016614949901901376 1.4949687166091676 -24.8070029 -3.77128269 -2.60704156 -3.78533445 -1.88578071 -1.4950455981297879 0.0
0.0001658290283091577 1.494910935989644 -22.13855508 -5.8028862 -1.29981956 -2.08574459 -1.02959994 -1.4949687166091676 0.0
0.00016550717934377205 1.4948581792487359 -23.41010931 -4.73643112 -2.05519868 -2.52704219 -2.92432704 -1.494910935989644 0.0
0.00016520154327717327 1.4946116865224854 -23.62367105 -4.76570843 -2.07831103 -2.88573847 -0.62418227 -1.4948581792487359 0.0
0.00016489396712073465 1.4945892770509934 -22.81180698 -5.53906017 -1.03941979 -1.31172007 -3.64041296 -1.4946116865224854 0.0
0.00016458624388401445 1.494351559338065 -23.80090976 -4.78361144 -2.75932659 -0.72373969 -1.56160258 -1.4945892770509934 0.0
0.00016429989059225768 1.4940759818013443 -23.06839659 -5.16518243 -1.50059568 -3.40179597 -2.49110517 -1.494351559338065 0.0
0.00016400701049127455 1.493923911472606 -24.45271437 -4.15247719 -2.17543171 -2.01389479 -1.07260278 -1.4940759818013443 0.0
0.00016372190061478587 1.4935598304675786 -22.01048746 -5.83985115 -1.17677726 -2.94732214 -2.75663579 -1.493923911472606 0.0
0.0001634292268537141 1.4935063280173082 -23.21943887 -5.04412472 -2.62640969 -1.05559448 -1.41852751 -1.4935598304675786 0.0
0.00016310992149334958 1.49347521432897 -23.42685348 -4.71559863 -2.7095157 -2.562272 -1.29290184 -1.4935063280173082 0.0
0.00016279234150351016 1.4934081804024526 -24.62144105 -3.9246334 -2.41337493 -2.51281526 -3.24387162 -1.49347521432897 0.0
0.00016247298151057156 1.493406587444144 -23.12615366 -5.05079926 -2.58479159 -1.21263564 -3.45603034 -1.4934081804024526 0.0
0.00016217943508273807 1.4930289588902839 -23.25993217 -4.99646422 -2.40712964 -1.11300718 -1.21441489 -1.493406587444144 0.0
0.00016191790931935777 1.4926383286831162 -24.22003816 -4.15215261 -2.31948437 -3.15833647 -2.68354946 -1.4930289588902839 0.0
0.00016163332881699664 1.4925511307221087 -23.1145816 -5.08350957 -1.55425718 -2.71984812 -1.81118118 -1.4926383286831162 0.0
0.00016135792228821533 1.49205308384717 -23.18138499 -5.19671616 -2.33162193 -0.68344754 -0.32540697 -1.4925511307221087 0.0
0.0001610911075705738 1.4918649259337262 -23.86847967 -4.53107717 -2.19443658 -1.30487984 -1.43321193 -1.49205308384717 0.0
0.00016079047669628285 1.4917929909600696 -23.40930705 -4.93048219 -2.79686236 -1.69523085 -0.41400399 -1.4918649259337262 0.0
0.00016047650161918185 1.4917781313120746 -22.20938764 -5.50895202 -1.96396767 -2.22375931 -1.70480689 -1.4917929909600696 0.0
0.00016018265260372516 1.4914625736592875 -23.84275974 -4.76076649 -1.48186237 -1.01127799 -0.83233171 -1.4917781313120746 0.0
0.00015994281718050292 1.4907789862545715 -23.50047928 -5.11747236 -1.05523136 -0.99701312 -1.29508502 -1.4914625736592875 0.0
0.0001596993124150505 1.490513687104948 -23.76806619 -4.46938062 -2.82105127 -3.09943418 -1.14470697 -1.4907789862545715 0.0
0.0001594161532780354 1.490332272573092 -24.61895411 -4.04463852 -2.65069867 -3.90629069 -0.3300158 -1.490513687104948 0.0
0.0001591359668190387 1.4900359459074584 -22.91243507 -5.68935715 -0.46920214 -1.75765259 -1.99027474 -1.490332272573092 0.0
0.00015884663726685236 1.4899758117393322 -23.03370189 -5.18721133 -2.99853386 -0.86083661 -3.07413441 -1.4900359459074584 0.0
0.0001585352616409025 1.489964243232591 -24.55979157 -4.03907906 -2.14531145 -1.7811162 -1.61650867 -1.4899758117393322 0.0
0.0001582364250428853 1.4897533452391634 -22.68881065 -5.42406142 -1.8728747 -3.94358654 -0.51799148 -1.489964243232591 0.0
0.0001579477039157822 1.4896208017031105 -22.39865244 -5.49304866 -2.86328913 -1.18722842 -3.78717031 -1.4897533452391634 0.0
0.00015764289339604168 1.4896207030254398 -23.57918603 -4.77235348 -1.6180383 -2.37920401 -1.37552437 -1.4896208017031105 0.0
0.0001573622852856281 1.4891880631269008 -22.87919301 -4.91351889 -2.76380473 -3.261682 -1.96694212 -1.4896207030254398 0.0
0.0001570994289507813 1.488968235627511 -23.33877237 -5.26525947 -0.87369085 -0.59928109 -1.10019351 -1.4891880631269008 0.0
0.00015681186520685408 1.4888563174490712 -22.80330332 -5.41926974 -1.07289441 -1.58525458 -2.95688642 -1.488968235627511 0.0
0.00015656919758214768 1.4880697951920248 -22.40652916 -5.1812863 -2.86221853 -3.15614943 -2.25276004 -1.4888563174490712 0.0
0.0001563408898273001 1.4877786885345115 -22.61351159 -5.54694511 -2.21741884 -0.54938584 -3.67852893 -1.4880697951920248 0.0
0.00015608080539011924 1.4874037197909546 -23.62717949 -4.89093539 -1.27784217 -1.30227734 -1.68324117 -1.4877786885345115 0.0
0.0001558055757443586 1.4873125217047996 -22.28724745 -5.5706609 -2.41651693 -1.21859514 -1.21690685 -1.4874037197909546 0.0
0.00015554673239788022 1.4867332048283446 -22.43081538 -5.48734619 -1.92246484 -1.06863418 -2.76990584 -1.4873125217047996 0.0
0.0001552910921557518 1.4866061301047508 -23.54023815 -4.95173141 -1.90176536 -0.48756743 -0.60054533 -1.4867332048283446 0.0
0.00015500280509680883 1.4864535121085045 -22.88041874 -5.00002749 -2.63125813 -2.35903027 -1.54553421 -1.4866061301047508 0.0
0.0001547433565821729 1.485960646711785 -22.39075545 -4.91712787 -2.89977818 -2.79963081 -3.74430092 -1.4864535121085045 0.0
0.0001544777834534351 1.4858928293256128 -23.2686424 -4.87708067 -1.69942297 -1.45288951 -3.01295016 -1.485960646711785 0.0
0.00015419251363004555 1.4856614123648058 -23.85849205 -4.63126198 -2.78474981 -0.77625685 -2.74604872 -1.4858928293256128 0.0
0.00015392379106414893 1.4853854166587142 -22.71565883 -5.46159551 -0.98191541 -2.21490056 -3.56668853 -1.4856614123648058 0.0
0.0001536629819517086 1.4850570975241024 -24.45681732 -3.76391334 -2.64118778 -3.0786054 -2.5024233 -1.4853854166587142 0.0
0.00015338676613606581 1.484987706601864 -22.39493032 -5.95279392 -0.30999606 -2.97915883 -0.14794362 -1.4850570975241024 0.0
